              precision    recall  f1-score   support

        SDG1       0.70      0.61      0.65       199
        SDG2       0.81      0.74      0.77       302
        SDG3       0.87      0.77      0.82       373
        SDG4       0.78      0.79      0.78       366
        SDG5       0.84      0.88      0.86       308
        SDG6       0.74      0.82      0.78       280
        SDG7       0.81      0.67      0.73       289
        SDG8       0.60      0.49      0.54       355
        SDG9       0.57      0.53      0.55       307
       SDG10       0.61      0.42      0.50       290
       SDG11       0.76      0.65      0.70       338
       SDG12       0.47      0.50      0.49       324
       SDG13       0.78      0.72      0.75       371
       SDG14       0.76      0.71      0.74       240
       SDG15       0.66      0.47      0.55       251
       SDG16       0.79      0.72      0.75       366
       SDG17       0.57      0.51      0.54       303

   micro avg       0.72      0.65      0.68      5262
   macro avg       0.71      0.65      0.68      5262
weighted avg       0.72      0.65      0.68      5262
 samples avg       0.74      0.72      0.70      5262
